   9.3774030e-01   9.1910624e-01   8.9315346e-01   8.6595278e-01   8.4708263e-01   8.1720067e-01   7.7124789e-01   7.4202361e-01   6.8821248e-01   6.5595278e-01   6.2011804e-01   5.9517707e-01   5.7023609e-01   5.4809444e-01   5.2190556e-01   5.0428331e-01   4.6148398e-01   4.1833052e-01   3.8720067e-01   3.5136594e-01   3.0541315e-01   2.5833052e-01   2.1553120e-01   1.6844857e-01   1.4654300e-01   1.0922428e-01   8.6424958e-02   7.5413153e-02   6.3153457e-02   4.6188870e-02   3.2259696e-02   2.2141653e-02   8.9881956e-03   8.9881956e-03   7.0826307e-03   2.0236088e-03   0.0000000e+00   0.0000000e+00   0.0000000e+00   1.0118044e-03   2.0236088e-03
   9.8400000e-01   9.7900000e-01   9.7300000e-01   9.6800000e-01   9.6800000e-01   9.6800000e-01   9.6200000e-01   9.5000000e-01   9.0700000e-01   8.8300000e-01   8.6300000e-01   8.4400000e-01   8.1400000e-01   7.6900000e-01   7.3700000e-01   7.1500000e-01   6.9100000e-01   6.5700000e-01   6.3200000e-01   6.1300000e-01   5.9500000e-01   5.6900000e-01   5.4700000e-01   5.2100000e-01   4.8500000e-01   4.4900000e-01   4.0900000e-01   3.6500000e-01   3.2100000e-01   2.7000000e-01   2.1900000e-01   1.8300000e-01   1.5500000e-01   1.1600000e-01   9.6000000e-02   8.1000000e-02   6.3000000e-02   5.5000000e-02   4.0000000e-02   3.6000000e-02   2.4000000e-02
   6.0200000e-01   5.7000000e-01   5.4600000e-01   5.1800000e-01   4.8100000e-01   4.3800000e-01   3.9600000e-01   3.5200000e-01   3.0000000e-01   2.5700000e-01   2.0900000e-01   1.6700000e-01   1.3800000e-01   1.0600000e-01   8.9000000e-02   6.9000000e-02   4.7000000e-02   3.2000000e-02   2.6000000e-02   1.4000000e-02   1.0000000e-02   8.0000000e-03   6.0000000e-03   1.0000000e-03   0.0000000e+00   0.0000000e+00   0.0000000e+00   0.0000000e+00   0.0000000e+00   0.0000000e+00   0.0000000e+00   0.0000000e+00   0.0000000e+00   0.0000000e+00   0.0000000e+00   0.0000000e+00   0.0000000e+00   0.0000000e+00   0.0000000e+00   0.0000000e+00   0.0000000e+00
   0.0000000e+00   0.0000000e+00   0.0000000e+00
   5.0000000e-01   5.0000000e-01   5.0000000e-01
   1.0000000e+00   1.0000000e+00   1.0000000e+00
   1.5000000e+00   1.5000000e+00   1.5000000e+00
   2.0000000e+00   2.0000000e+00   2.0000000e+00
   2.5000000e+00   2.5000000e+00   2.5000000e+00
   3.0000000e+00   3.0000000e+00   3.0000000e+00
   3.5000000e+00   3.5000000e+00   3.5000000e+00
   4.0000000e+00   4.0000000e+00   4.0000000e+00
   4.5000000e+00   4.5000000e+00   4.5000000e+00
   5.0000000e+00   5.0000000e+00   5.0000000e+00
   5.5000000e+00   5.5000000e+00   5.5000000e+00
   6.0000000e+00   6.0000000e+00   6.0000000e+00
   6.5000000e+00   6.5000000e+00   6.5000000e+00
   7.0000000e+00   7.0000000e+00   7.0000000e+00
   7.5000000e+00   7.5000000e+00   7.5000000e+00
   8.0000000e+00   8.0000000e+00   8.0000000e+00
   8.5000000e+00   8.5000000e+00   8.5000000e+00
   9.0000000e+00   9.0000000e+00   9.0000000e+00
   9.5000000e+00   9.5000000e+00   9.5000000e+00
   1.0000000e+01   1.0000000e+01   1.0000000e+01
   1.0500000e+01   1.0500000e+01   1.0500000e+01
   1.1000000e+01   1.1000000e+01   1.1000000e+01
   1.1500000e+01   1.1500000e+01   1.1500000e+01
   1.2000000e+01   1.2000000e+01   1.2000000e+01
   1.2500000e+01   1.2500000e+01   1.2500000e+01
   1.3000000e+01   1.3000000e+01   1.3000000e+01
   1.3500000e+01   1.3500000e+01   1.3500000e+01
   1.4000000e+01   1.4000000e+01   1.4000000e+01
   1.4500000e+01   1.4500000e+01   1.4500000e+01
   1.5000000e+01   1.5000000e+01   1.5000000e+01
   1.5500000e+01   1.5500000e+01   1.5500000e+01
   1.6000000e+01   1.6000000e+01   1.6000000e+01
   1.6500000e+01   1.6500000e+01   1.6500000e+01
   1.7000000e+01   1.7000000e+01   1.7000000e+01
   1.7500000e+01   1.7500000e+01   1.7500000e+01
   1.8000000e+01   1.8000000e+01   1.8000000e+01
   1.8500000e+01   1.8500000e+01   1.8500000e+01
   1.9000000e+01   1.9000000e+01   1.9000000e+01
   1.9500000e+01   1.9500000e+01   1.9500000e+01
   2.0000000e+01   2.0000000e+01   2.0000000e+01
   6.2259696e+00   1.6000000e+00   3.9800000e+01
   8.0893761e+00   2.1000000e+00   4.3000000e+01
   1.0684654e+01   2.7000000e+00   4.5400000e+01
   1.3404722e+01   3.2000000e+00   4.8200000e+01
   1.5291737e+01   3.2000000e+00   5.1900000e+01
   1.8279933e+01   3.2000000e+00   5.6200000e+01
   2.2875211e+01   3.8000000e+00   6.0400000e+01
   2.5797639e+01   5.0000000e+00   6.4800000e+01
   3.1178752e+01   9.3000000e+00   7.0000000e+01
   3.4404722e+01   1.1700000e+01   7.4300000e+01
   3.7988196e+01   1.3700000e+01   7.9100000e+01
   4.0482293e+01   1.5600000e+01   8.3300000e+01
   4.2976391e+01   1.8600000e+01   8.6200000e+01
   4.5190556e+01   2.3100000e+01   8.9400000e+01
   4.7809444e+01   2.6300000e+01   9.1100000e+01
   4.9571669e+01   2.8500000e+01   9.3100000e+01
   5.3851602e+01   3.0900000e+01   9.5300000e+01
   5.8166948e+01   3.4300000e+01   9.6800000e+01
   6.1279933e+01   3.6800000e+01   9.7400000e+01
   6.4863406e+01   3.8700000e+01   9.8600000e+01
   6.9458685e+01   4.0500000e+01   9.9000000e+01
   7.4166948e+01   4.3100000e+01   9.9200000e+01
   7.8446880e+01   4.5300000e+01   9.9400000e+01
   8.3155143e+01   4.7900000e+01   9.9900000e+01
   8.5345700e+01   5.1500000e+01   1.0000000e+02
   8.9077572e+01   5.5100000e+01   1.0000000e+02
   9.1357504e+01   5.9100000e+01   1.0000000e+02
   9.2458685e+01   6.3500000e+01   1.0000000e+02
   9.3684654e+01   6.7900000e+01   1.0000000e+02
   9.5381113e+01   7.3000000e+01   1.0000000e+02
   9.6774030e+01   7.8100000e+01   1.0000000e+02
   9.7785835e+01   8.1700000e+01   1.0000000e+02
   9.9101180e+01   8.4500000e+01   1.0000000e+02
   9.9101180e+01   8.8400000e+01   1.0000000e+02
   9.9291737e+01   9.0400000e+01   1.0000000e+02
   9.9797639e+01   9.1900000e+01   1.0000000e+02
   1.0000000e+02   9.3700000e+01   1.0000000e+02
   1.0000000e+02   9.4500000e+01   1.0000000e+02
   1.0000000e+02   9.6000000e+01   1.0000000e+02
   9.9898820e+01   9.6400000e+01   1.0000000e+02
   9.9797639e+01   9.7600000e+01   1.0000000e+02
