   6.2259696e+00   1.6000000e+00   3.9800000e+01
   8.0893761e+00   2.1000000e+00   4.3000000e+01
   1.0684654e+01   2.7000000e+00   4.5400000e+01
   1.3404722e+01   3.2000000e+00   4.8200000e+01
   1.5291737e+01   3.2000000e+00   5.1900000e+01
   1.8279933e+01   3.2000000e+00   5.6200000e+01
   2.2875211e+01   3.8000000e+00   6.0400000e+01
   2.5797639e+01   5.0000000e+00   6.4800000e+01
   3.1178752e+01   9.3000000e+00   7.0000000e+01
   3.4404722e+01   1.1700000e+01   7.4300000e+01
   3.7988196e+01   1.3700000e+01   7.9100000e+01
   4.0482293e+01   1.5600000e+01   8.3300000e+01
   4.2976391e+01   1.8600000e+01   8.6200000e+01
   4.5190556e+01   2.3100000e+01   8.9400000e+01
   4.7809444e+01   2.6300000e+01   9.1100000e+01
   4.9571669e+01   2.8500000e+01   9.3100000e+01
   5.3851602e+01   3.0900000e+01   9.5300000e+01
   5.8166948e+01   3.4300000e+01   9.6800000e+01
   6.1279933e+01   3.6800000e+01   9.7400000e+01
   6.4863406e+01   3.8700000e+01   9.8600000e+01
   6.9458685e+01   4.0500000e+01   9.9000000e+01
   7.4166948e+01   4.3100000e+01   9.9200000e+01
   7.8446880e+01   4.5300000e+01   9.9400000e+01
   8.3155143e+01   4.7900000e+01   9.9900000e+01
   8.5345700e+01   5.1500000e+01   1.0000000e+02
   8.9077572e+01   5.5100000e+01   1.0000000e+02
   9.1357504e+01   5.9100000e+01   1.0000000e+02
   9.2458685e+01   6.3500000e+01   1.0000000e+02
   9.3684654e+01   6.7900000e+01   1.0000000e+02
   9.5381113e+01   7.3000000e+01   1.0000000e+02
   9.6774030e+01   7.8100000e+01   1.0000000e+02
   9.7785835e+01   8.1700000e+01   1.0000000e+02
   9.9101180e+01   8.4500000e+01   1.0000000e+02
   9.9101180e+01   8.8400000e+01   1.0000000e+02
   9.9291737e+01   9.0400000e+01   1.0000000e+02
   9.9797639e+01   9.1900000e+01   1.0000000e+02
   1.0000000e+02   9.3700000e+01   1.0000000e+02
   1.0000000e+02   9.4500000e+01   1.0000000e+02
   1.0000000e+02   9.6000000e+01   1.0000000e+02
   9.9898820e+01   9.6400000e+01   1.0000000e+02
   9.9797639e+01   9.7600000e+01   1.0000000e+02
